{
  "models": [
    "diana_team",
    "diana_calibrated",
    "diana_3way",
    "diana_best_ensemble",
    "diana_no_te",
    "soni_fusion",
    "soni_e7",
    "soni_e5",
    "soni_e0_full",
    "soni_e0_clean",
    "karina_combined",
    "albina_mmd_v4"
  ],
  "spearman_matrix": [
    [
      1.0,
      0.7164277951372005,
      0.8714296242635661,
      0.9239702309137691,
      0.8296778278136794,
      0.7913055653979885,
      0.7375021075424665,
      0.7727930365355832,
      0.7043729699854552,
      0.6237919089119557,
      0.8290437292866505,
      0.7847145762536324
    ],
    [
      0.7164277951372005,
      1.0,
      0.8149340740708867,
      0.8981390465222309,
      0.6854629632466251,
      0.7404108838461304,
      0.6978964120898121,
      0.7151323059485079,
      0.623542946009664,
      0.45360810008629815,
      0.6781644860749714,
      0.7150268343456447
    ],
    [
      0.8714296242635661,
      0.8149340740708867,
      1.0,
      0.9174055088317005,
      0.925939130990221,
      0.828409617447931,
      0.7838912871285161,
      0.7991190180177654,
      0.7006896008571131,
      0.6206288770703667,
      0.8702178666679369,
      0.7974472511400926
    ],
    [
      0.9239702309137691,
      0.8981390465222309,
      0.9174055088317005,
      1.0,
      0.8162738526532582,
      0.82454286373725,
      0.7702939399428693,
      0.7982909779097026,
      0.704920075861737,
      0.5881496673334272,
      0.8197599682672436,
      0.7984250193094806
    ],
    [
      0.8296778278136794,
      0.6854629632466251,
      0.925939130990221,
      0.8162738526532582,
      1.0,
      0.7620786164966716,
      0.7220408905669417,
      0.7307910534328851,
      0.6571039423479237,
      0.5443221567698142,
      0.8007237217890242,
      0.7323948325955474
    ],
    [
      0.7913055653979885,
      0.7404108838461304,
      0.828409617447931,
      0.82454286373725,
      0.7620786164966716,
      1.0,
      0.905308913020677,
      0.914700941002641,
      0.8204414052492754,
      0.6103173384265864,
      0.7586449134926344,
      0.759148211106385
    ],
    [
      0.7375021075424665,
      0.6978964120898121,
      0.7838912871285161,
      0.7702939399428693,
      0.7220408905669417,
      0.905308913020677,
      1.0,
      0.8489883163746832,
      0.827978402659853,
      0.626589178141172,
      0.7254751714479197,
      0.7414883125146071
    ],
    [
      0.7727930365355832,
      0.7151323059485079,
      0.7991190180177654,
      0.7982909779097026,
      0.7307910534328851,
      0.914700941002641,
      0.8489883163746832,
      1.0,
      0.8511799264593821,
      0.6301405414597744,
      0.740400936748986,
      0.7408606958764624
    ],
    [
      0.7043729699854552,
      0.623542946009664,
      0.7006896008571131,
      0.704920075861737,
      0.6571039423479237,
      0.8204414052492754,
      0.827978402659853,
      0.8511799264593821,
      1.0,
      0.7075466538644012,
      0.6420076000407412,
      0.7551929398000211
    ],
    [
      0.6237919089119557,
      0.45360810008629815,
      0.6206288770703667,
      0.5881496673334272,
      0.5443221567698142,
      0.6103173384265864,
      0.626589178141172,
      0.6301405414597744,
      0.7075466538644012,
      1.0,
      0.682048036694387,
      0.6167080532028321
    ],
    [
      0.8290437292866505,
      0.6781644860749714,
      0.8702178666679369,
      0.8197599682672436,
      0.8007237217890242,
      0.7586449134926344,
      0.7254751714479197,
      0.740400936748986,
      0.6420076000407412,
      0.682048036694387,
      1.0,
      0.7100766392177401
    ],
    [
      0.7847145762536324,
      0.7150268343456447,
      0.7974472511400926,
      0.7984250193094806,
      0.7323948325955474,
      0.759148211106385,
      0.7414883125146071,
      0.7408606958764624,
      0.7551929398000211,
      0.6167080532028321,
      0.7100766392177401,
      1.0
    ]
  ],
  "redundant_pairs": [],
  "pruned": [],
  "kept_after_pruning": [
    "diana_team",
    "diana_calibrated",
    "diana_3way",
    "diana_best_ensemble",
    "diana_no_te",
    "soni_fusion",
    "soni_e7",
    "soni_e5",
    "soni_e0_full",
    "soni_e0_clean",
    "karina_combined",
    "albina_mmd_v4"
  ],
  "top500_unique_positive_catches": {
    "diana_team": 40,
    "diana_calibrated": 30,
    "diana_3way": 11,
    "diana_best_ensemble": 0,
    "diana_no_te": 36,
    "soni_fusion": 27,
    "soni_e7": 26,
    "soni_e5": 9,
    "soni_e0_full": 42,
    "soni_e0_clean": 80,
    "karina_combined": 42,
    "albina_mmd_v4": 52
  }
}